        x             y            vx           vy 
0.00
  0  0.000e+00    0.000e+00    0.000e+00    3.000e+04
  1  1.000e+05    0.000e+00    0.000e+00   -3.000e+04
  2  2.000e+05    0.000e+00    0.000e+00    3.000e+04
  3  3.000e+05    0.000e+00    0.000e+00   -3.000e+04
  4  4.000e+05    0.000e+00    0.000e+00    3.000e+04

0.10
  0  2.137e+02    2.998e+03    4.748e+03    2.991e+04
  1  1.001e+05   -2.995e+03    1.203e+03   -2.982e+04
  2  2.000e+05    2.995e+03   -2.533e-12    2.982e+04
  3  2.999e+05   -2.995e+03   -1.203e+03   -2.982e+04
  4  3.998e+05    2.998e+03   -4.748e+03    2.991e+04

0.20
  0  9.020e+02    5.976e+03    9.489e+03    2.961e+04
  1  1.002e+05   -5.954e+03    2.396e+03   -2.923e+04
  2  2.000e+05    5.955e+03   -6.069e-12    2.925e+04
  3  2.998e+05   -5.954e+03   -2.396e+03   -2.923e+04
  4  3.991e+05    5.976e+03   -9.489e+03    2.961e+04

0.30
  0  2.064e+03    8.916e+03    1.422e+04    2.910e+04
  1  1.005e+05   -8.836e+03    3.566e+03   -2.825e+04
  2  2.000e+05    8.840e+03   -1.140e-11    2.830e+04
  3  2.995e+05   -8.836e+03   -3.566e+03   -2.825e+04
  4  3.979e+05    8.916e+03   -1.422e+04    2.910e+04

0.40
  0  3.698e+03    1.180e+04    1.893e+04    2.840e+04
  1  1.009e+05   -1.160e+04    4.707e+03   -2.690e+04
  2  2.000e+05    1.161e+04   -1.763e-11    2.701e+04
  3  2.991e+05   -1.160e+04   -4.707e+03   -2.690e+04
  4  3.963e+05    1.180e+04   -1.893e+04    2.840e+04

0.50
  0  5.802e+03    1.460e+04    2.363e+04    2.750e+04
  1  1.014e+05   -1.422e+04    5.814e+03   -2.520e+04
  2  2.000e+05    1.425e+04   -2.400e-11    2.541e+04
  3  2.986e+05   -1.422e+04   -5.814e+03   -2.520e+04
  4  3.942e+05    1.460e+04   -2.363e+04    2.750e+04

0.60
  0  8.376e+03    1.730e+04    2.832e+04    2.641e+04
  1  1.021e+05   -1.665e+04    6.886e+03   -2.318e+04
  2  2.000e+05    1.670e+04   -3.411e-11    2.353e+04
  3  2.979e+05   -1.665e+04   -6.886e+03   -2.318e+04
  4  3.916e+05    1.730e+04   -2.832e+04    2.641e+04

0.70
  0  1.142e+04    1.989e+04    3.300e+04    2.514e+04
  1  1.028e+05   -1.887e+04    7.925e+03   -2.085e+04
  2  2.000e+05    1.896e+04   -4.475e-11    2.143e+04
  3  2.972e+05   -1.887e+04   -7.925e+03   -2.085e+04
  4  3.886e+05    1.989e+04   -3.300e+04    2.514e+04

0.80
  0  1.493e+04    2.233e+04    3.769e+04    2.367e+04
  1  1.037e+05   -2.084e+04    8.936e+03   -1.824e+04
  2  2.000e+05    2.101e+04   -5.478e-11    1.913e+04
  3  2.963e+05   -2.084e+04   -8.936e+03   -1.824e+04
  4  3.851e+05    2.233e+04   -3.769e+04    2.367e+04

0.90
  0  1.891e+04    2.463e+04    4.242e+04    2.201e+04
  1  1.046e+05   -2.253e+04    9.925e+03   -1.535e+04
  2  2.000e+05    2.281e+04   -6.492e-11    1.667e+04
  3  2.954e+05   -2.253e+04   -9.925e+03   -1.535e+04
  4  3.811e+05    2.463e+04   -4.242e+04    2.201e+04

1.00
  0  2.337e+04    2.675e+04    4.719e+04    2.016e+04
  1  1.056e+05   -2.393e+04    1.090e+04   -1.219e+04
  2  2.000e+05    2.436e+04   -7.880e-11    1.406e+04
  3  2.944e+05   -2.393e+04   -1.090e+04   -1.219e+04
  4  3.766e+05    2.675e+04   -4.719e+04    2.016e+04

Elapsed time = 3.008842e-04 seconds
