0.001000 100000 100 100
5.000000e+24 0 0 0 0 0 0
1.000000e+22 1.000000e+05 0 0 0 1.000000e+04 0
1.010000e+22 2.000000e+05 0 0 0 1.000000e+04 0
1.020000e+22 3.000000e+05 0 0 0 1.000000e+04 0
1.030000e+22 4.000000e+05 0 0 0 1.000000e+04 0
1.040000e+22 5.000000e+05 0 0 0 1.000000e+04 0
1.050000e+22 6.000000e+05 0 0 0 1.000000e+04 0
1.060000e+22 7.000000e+05 0 0 0 1.000000e+04 0
1.070000e+22 8.000000e+05 0 0 0 1.000000e+04 0
1.080000e+22 9.000000e+05 0 0 0 1.000000e+04 0
1.090000e+22 1.000000e+06 0 0 0 1.000000e+04 0
1.100000e+22 1.100000e+06 0 0 0 1.000000e+04 0
1.110000e+22 1.200000e+06 0 0 0 1.000000e+04 0
1.120000e+22 1.300000e+06 0 0 0 1.000000e+04 0
1.130000e+22 1.400000e+06 0 0 0 1.000000e+04 0
1.140000e+22 1.500000e+06 0 0 0 1.000000e+04 0
1.150000e+22 1.600000e+06 0 0 0 1.000000e+04 0
1.160000e+22 1.700000e+06 0 0 0 1.000000e+04 0
1.170000e+22 1.800000e+06 0 0 0 1.000000e+04 0
1.180000e+22 1.900000e+06 0 0 0 1.000000e+04 0
1.190000e+22 2.000000e+06 0 0 0 1.000000e+04 0
1.200000e+22 2.100000e+06 0 0 0 1.000000e+04 0
1.210000e+22 2.200000e+06 0 0 0 1.000000e+04 0
1.220000e+22 2.300000e+06 0 0 0 1.000000e+04 0
1.230000e+22 2.400000e+06 0 0 0 1.000000e+04 0
1.240000e+22 2.500000e+06 0 0 0 1.000000e+04 0
1.250000e+22 2.600000e+06 0 0 0 1.000000e+04 0
1.260000e+22 2.700000e+06 0 0 0 1.000000e+04 0
1.270000e+22 2.800000e+06 0 0 0 1.000000e+04 0
1.280000e+22 2.900000e+06 0 0 0 1.000000e+04 0
1.290000e+22 3.000000e+06 0 0 0 1.000000e+04 0
1.300000e+22 3.100000e+06 0 0 0 1.000000e+04 0
1.310000e+22 3.200000e+06 0 0 0 1.000000e+04 0
1.320000e+22 3.300000e+06 0 0 0 1.000000e+04 0
1.330000e+22 3.400000e+06 0 0 0 1.000000e+04 0
1.340000e+22 3.500000e+06 0 0 0 1.000000e+04 0
1.350000e+22 3.600000e+06 0 0 0 1.000000e+04 0
1.360000e+22 3.700000e+06 0 0 0 1.000000e+04 0
1.370000e+22 3.800000e+06 0 0 0 1.000000e+04 0
1.380000e+22 3.900000e+06 0 0 0 1.000000e+04 0
1.390000e+22 4.000000e+06 0 0 0 1.000000e+04 0
1.400000e+22 4.100000e+06 0 0 0 1.000000e+04 0
1.410000e+22 4.200000e+06 0 0 0 1.000000e+04 0
1.420000e+22 4.300000e+06 0 0 0 1.000000e+04 0
1.430000e+22 4.400000e+06 0 0 0 1.000000e+04 0
1.440000e+22 4.500000e+06 0 0 0 1.000000e+04 0
1.450000e+22 4.600000e+06 0 0 0 1.000000e+04 0
1.460000e+22 4.700000e+06 0 0 0 1.000000e+04 0
1.470000e+22 4.800000e+06 0 0 0 1.000000e+04 0
1.480000e+22 4.900000e+06 0 0 0 1.000000e+04 0
1.490000e+22 5.000000e+06 0 0 0 1.000000e+04 0
1.500000e+22 5.100000e+06 0 0 0 1.000000e+04 0
1.510000e+22 5.200000e+06 0 0 0 1.000000e+04 0
1.520000e+22 5.300000e+06 0 0 0 1.000000e+04 0
1.530000e+22 5.400000e+06 0 0 0 1.000000e+04 0
1.540000e+22 5.500000e+06 0 0 0 1.000000e+04 0
1.550000e+22 5.600000e+06 0 0 0 1.000000e+04 0
1.560000e+22 5.700000e+06 0 0 0 1.000000e+04 0
1.570000e+22 5.800000e+06 0 0 0 1.000000e+04 0
1.580000e+22 5.900000e+06 0 0 0 1.000000e+04 0
1.590000e+22 6.000000e+06 0 0 0 1.000000e+04 0
1.600000e+22 6.100000e+06 0 0 0 1.000000e+04 0
1.610000e+22 6.200000e+06 0 0 0 1.000000e+04 0
1.620000e+22 6.300000e+06 0 0 0 1.000000e+04 0
1.630000e+22 6.400000e+06 0 0 0 1.000000e+04 0
1.640000e+22 6.500000e+06 0 0 0 1.000000e+04 0
1.650000e+22 6.600000e+06 0 0 0 1.000000e+04 0
1.660000e+22 6.700000e+06 0 0 0 1.000000e+04 0
1.670000e+22 6.800000e+06 0 0 0 1.000000e+04 0
1.680000e+22 6.900000e+06 0 0 0 1.000000e+04 0
1.690000e+22 7.000000e+06 0 0 0 1.000000e+04 0
1.700000e+22 7.100000e+06 0 0 0 1.000000e+04 0
1.710000e+22 7.200000e+06 0 0 0 1.000000e+04 0
1.720000e+22 7.300000e+06 0 0 0 1.000000e+04 0
1.730000e+22 7.400000e+06 0 0 0 1.000000e+04 0
1.740000e+22 7.500000e+06 0 0 0 1.000000e+04 0
1.750000e+22 7.600000e+06 0 0 0 1.000000e+04 0
1.760000e+22 7.700000e+06 0 0 0 1.000000e+04 0
1.770000e+22 7.800000e+06 0 0 0 1.000000e+04 0
1.780000e+22 7.900000e+06 0 0 0 1.000000e+04 0
1.790000e+22 8.000000e+06 0 0 0 1.000000e+04 0
1.800000e+22 8.100000e+06 0 0 0 1.000000e+04 0
1.810000e+22 8.200000e+06 0 0 0 1.000000e+04 0
1.820000e+22 8.300000e+06 0 0 0 1.000000e+04 0
1.830000e+22 8.400000e+06 0 0 0 1.000000e+04 0
1.840000e+22 8.500000e+06 0 0 0 1.000000e+04 0
1.850000e+22 8.600000e+06 0 0 0 1.000000e+04 0
1.860000e+22 8.700000e+06 0 0 0 1.000000e+04 0
1.870000e+22 8.800000e+06 0 0 0 1.000000e+04 0
1.880000e+22 8.900000e+06 0 0 0 1.000000e+04 0
1.890000e+22 9.000000e+06 0 0 0 1.000000e+04 0
1.900000e+22 9.100000e+06 0 0 0 1.000000e+04 0
1.910000e+22 9.200000e+06 0 0 0 1.000000e+04 0
1.920000e+22 9.300000e+06 0 0 0 1.000000e+04 0
1.930000e+22 9.400000e+06 0 0 0 1.000000e+04 0
1.940000e+22 9.500000e+06 0 0 0 1.000000e+04 0
1.950000e+22 9.600000e+06 0 0 0 1.000000e+04 0
1.960000e+22 9.700000e+06 0 0 0 1.000000e+04 0
1.970000e+22 9.800000e+06 0 0 0 1.000000e+04 0
1.980000e+22 9.900000e+06 0 0 0 1.000000e+04 0
