0 262269
1 261514
2 262037
3 262004
4 261919
5 261722
6 262610
7 262639
8 262145
9 262380
10 262114
11 261725
12 261825
13 262347
14 262856
15 262484
16 262611
17 261958
18 261824
19 261402
20 261499
21 262853
22 262388
23 261725
24 262174
25 261994
26 262502
27 262513
28 261907
29 261852
30 261934
31 262493
32 262361
33 262293
34 261594
35 262864
36 262723
37 260994
38 261751
39 261924
40 262052
41 262695
42 261213
43 261708
44 262388
45 263087
46 262430
47 262534
48 262085
49 260673
50 262161
51 262625
52 262401
53 261368
54 261694
55 262613
56 262412
57 261227
58 261826
59 262074
60 261880
61 262665
62 261374
63 262220
64 262159
65 262756
66 262660
67 262281
68 262159
69 262587
70 262176
71 262608
72 262727
73 263782
74 262594
75 262289
76 261992
77 261777
78 261699
79 262085
80 262432
81 261614
82 263078
83 261832
84 262073
85 262655
86 262118
87 262098
88 262249
89 262454
90 261492
91 263074
92 262925
93 262159
94 261932
95 261527
96 261712
97 262589
98 263038
99 262516
100 262563
101 261922
102 262364
103 262041
104 261289
105 261639
106 262838
107 263160
108 262579
109 262249
110 262190
111 262371
112 261802
113 261720
114 262225
115 261335
116 262961
117 261944
118 261940
119 261893
120 260488
121 261440
122 262590
123 262008
124 261937
125 261331
126 261733
127 263410
128 262593
129 262744
130 262667
131 262051
132 262599
133 261648
134 261505
135 262197
136 261916
137 261546
138 262374
139 262333
140 261737
141 261869
142 262535
143 261416
144 262605
145 261978
146 262333
147 262122
148 263306
149 262060
150 262353
151 261489
152 261513
153 262358
154 262303
155 262141
156 261754
157 261392
158 262654
159 262433
160 261191
161 262929
162 262118
163 262488
164 261705
165 262003
166 262342
167 261979
168 261849
169 261456
170 262215
171 262511
172 262602
173 261996
174 262577
175 262472
176 261632
177 261488
178 262449
179 261836
180 262429
181 261677
182 262264
183 262170
184 261447
185 261667
186 262440
187 262444
188 261253
189 262065
190 262141
191 262576
192 262467
193 262305
194 262424
195 262121
196 263065
197 262169
198 262651
199 262139
200 262113
201 262332
202 262028
203 262303
204 262300
205 262834
206 261995
207 262273
208 261911
209 260942
210 262444
211 261713
212 262317
213 262100
214 261672
215 261674
216 261646
217 262229
218 262301
219 262374
220 262057
221 262292
222 262333
223 262216
224 262489
225 261671
226 262471
227 260979
228 262144
229 261523
230 261980
231 262643
232 262568
233 262064
234 262503
235 261772
236 263000
237 263018
238 261595
239 262049
240 261596
241 261239
242 261754
243 262699
244 262162
245 262940
246 261911
247 262474
248 261766
249 262193
250 261978
251 262451
252 262803
253 261755
254 262066
255 261945
