0.001000 100000 100 320
5.000000e+24 0.000000e+00 0 0 0 3.000000e+04 0
5.000000e+24 1.000000e+05 0 0 0 -3.000000e+04 0
5.000000e+24 2.000000e+05 0 0 0 3.000000e+04 0
5.000000e+24 3.000000e+05 0 0 0 -3.000000e+04 0
5.000000e+24 4.000000e+05 0 0 0 3.000000e+04 0
5.000000e+24 5.000000e+05 0 0 0 -3.000000e+04 0
5.000000e+24 6.000000e+05 0 0 0 3.000000e+04 0
5.000000e+24 7.000000e+05 0 0 0 -3.000000e+04 0
5.000000e+24 8.000000e+05 0 0 0 3.000000e+04 0
5.000000e+24 9.000000e+05 0 0 0 -3.000000e+04 0
5.000000e+24 1.000000e+06 0 0 0 3.000000e+04 0
5.000000e+24 1.100000e+06 0 0 0 -3.000000e+04 0
5.000000e+24 1.200000e+06 0 0 0 3.000000e+04 0
5.000000e+24 1.300000e+06 0 0 0 -3.000000e+04 0
5.000000e+24 1.400000e+06 0 0 0 3.000000e+04 0
5.000000e+24 1.500000e+06 0 0 0 -3.000000e+04 0
5.000000e+24 1.600000e+06 0 0 0 3.000000e+04 0
5.000000e+24 1.700000e+06 0 0 0 -3.000000e+04 0
5.000000e+24 1.800000e+06 0 0 0 3.000000e+04 0
5.000000e+24 1.900000e+06 0 0 0 -3.000000e+04 0
5.000000e+24 2.000000e+06 0 0 0 3.000000e+04 0
5.000000e+24 2.100000e+06 0 0 0 -3.000000e+04 0
5.000000e+24 2.200000e+06 0 0 0 3.000000e+04 0
5.000000e+24 2.300000e+06 0 0 0 -3.000000e+04 0
5.000000e+24 2.400000e+06 0 0 0 3.000000e+04 0
5.000000e+24 2.500000e+06 0 0 0 -3.000000e+04 0
5.000000e+24 2.600000e+06 0 0 0 3.000000e+04 0
5.000000e+24 2.700000e+06 0 0 0 -3.000000e+04 0
5.000000e+24 2.800000e+06 0 0 0 3.000000e+04 0
5.000000e+24 2.900000e+06 0 0 0 -3.000000e+04 0
5.000000e+24 3.000000e+06 0 0 0 3.000000e+04 0
5.000000e+24 3.100000e+06 0 0 0 -3.000000e+04 0
5.000000e+24 3.200000e+06 0 0 0 3.000000e+04 0
5.000000e+24 3.300000e+06 0 0 0 -3.000000e+04 0
5.000000e+24 3.400000e+06 0 0 0 3.000000e+04 0
5.000000e+24 3.500000e+06 0 0 0 -3.000000e+04 0
5.000000e+24 3.600000e+06 0 0 0 3.000000e+04 0
5.000000e+24 3.700000e+06 0 0 0 -3.000000e+04 0
5.000000e+24 3.800000e+06 0 0 0 3.000000e+04 0
5.000000e+24 3.900000e+06 0 0 0 -3.000000e+04 0
5.000000e+24 4.000000e+06 0 0 0 3.000000e+04 0
5.000000e+24 4.100000e+06 0 0 0 -3.000000e+04 0
5.000000e+24 4.200000e+06 0 0 0 3.000000e+04 0
5.000000e+24 4.300000e+06 0 0 0 -3.000000e+04 0
5.000000e+24 4.400000e+06 0 0 0 3.000000e+04 0
5.000000e+24 4.500000e+06 0 0 0 -3.000000e+04 0
5.000000e+24 4.600000e+06 0 0 0 3.000000e+04 0
5.000000e+24 4.700000e+06 0 0 0 -3.000000e+04 0
5.000000e+24 4.800000e+06 0 0 0 3.000000e+04 0
5.000000e+24 4.900000e+06 0 0 0 -3.000000e+04 0
5.000000e+24 5.000000e+06 0 0 0 3.000000e+04 0
5.000000e+24 5.100000e+06 0 0 0 -3.000000e+04 0
5.000000e+24 5.200000e+06 0 0 0 3.000000e+04 0
5.000000e+24 5.300000e+06 0 0 0 -3.000000e+04 0
5.000000e+24 5.400000e+06 0 0 0 3.000000e+04 0
5.000000e+24 5.500000e+06 0 0 0 -3.000000e+04 0
5.000000e+24 5.600000e+06 0 0 0 3.000000e+04 0
5.000000e+24 5.700000e+06 0 0 0 -3.000000e+04 0
5.000000e+24 5.800000e+06 0 0 0 3.000000e+04 0
5.000000e+24 5.900000e+06 0 0 0 -3.000000e+04 0
5.000000e+24 6.000000e+06 0 0 0 3.000000e+04 0
5.000000e+24 6.100000e+06 0 0 0 -3.000000e+04 0
5.000000e+24 6.200000e+06 0 0 0 3.000000e+04 0
5.000000e+24 6.300000e+06 0 0 0 -3.000000e+04 0
5.000000e+24 6.400000e+06 0 0 0 3.000000e+04 0
5.000000e+24 6.500000e+06 0 0 0 -3.000000e+04 0
5.000000e+24 6.600000e+06 0 0 0 3.000000e+04 0
5.000000e+24 6.700000e+06 0 0 0 -3.000000e+04 0
5.000000e+24 6.800000e+06 0 0 0 3.000000e+04 0
5.000000e+24 6.900000e+06 0 0 0 -3.000000e+04 0
5.000000e+24 7.000000e+06 0 0 0 3.000000e+04 0
5.000000e+24 7.100000e+06 0 0 0 -3.000000e+04 0
5.000000e+24 7.200000e+06 0 0 0 3.000000e+04 0
5.000000e+24 7.300000e+06 0 0 0 -3.000000e+04 0
5.000000e+24 7.400000e+06 0 0 0 3.000000e+04 0
5.000000e+24 7.500000e+06 0 0 0 -3.000000e+04 0
5.000000e+24 7.600000e+06 0 0 0 3.000000e+04 0
5.000000e+24 7.700000e+06 0 0 0 -3.000000e+04 0
5.000000e+24 7.800000e+06 0 0 0 3.000000e+04 0
5.000000e+24 7.900000e+06 0 0 0 -3.000000e+04 0
5.000000e+24 8.000000e+06 0 0 0 3.000000e+04 0
5.000000e+24 8.100000e+06 0 0 0 -3.000000e+04 0
5.000000e+24 8.200000e+06 0 0 0 3.000000e+04 0
5.000000e+24 8.300000e+06 0 0 0 -3.000000e+04 0
5.000000e+24 8.400000e+06 0 0 0 3.000000e+04 0
5.000000e+24 8.500000e+06 0 0 0 -3.000000e+04 0
5.000000e+24 8.600000e+06 0 0 0 3.000000e+04 0
5.000000e+24 8.700000e+06 0 0 0 -3.000000e+04 0
5.000000e+24 8.800000e+06 0 0 0 3.000000e+04 0
5.000000e+24 8.900000e+06 0 0 0 -3.000000e+04 0
5.000000e+24 9.000000e+06 0 0 0 3.000000e+04 0
5.000000e+24 9.100000e+06 0 0 0 -3.000000e+04 0
5.000000e+24 9.200000e+06 0 0 0 3.000000e+04 0
5.000000e+24 9.300000e+06 0 0 0 -3.000000e+04 0
5.000000e+24 9.400000e+06 0 0 0 3.000000e+04 0
5.000000e+24 9.500000e+06 0 0 0 -3.000000e+04 0
5.000000e+24 9.600000e+06 0 0 0 3.000000e+04 0
5.000000e+24 9.700000e+06 0 0 0 -3.000000e+04 0
5.000000e+24 9.800000e+06 0 0 0 3.000000e+04 0
5.000000e+24 9.900000e+06 0 0 0 -3.000000e+04 0
5.000000e+24 1.000000e+07 0 0 0 3.000000e+04 0
5.000000e+24 1.010000e+07 0 0 0 -3.000000e+04 0
5.000000e+24 1.020000e+07 0 0 0 3.000000e+04 0
5.000000e+24 1.030000e+07 0 0 0 -3.000000e+04 0
5.000000e+24 1.040000e+07 0 0 0 3.000000e+04 0
5.000000e+24 1.050000e+07 0 0 0 -3.000000e+04 0
5.000000e+24 1.060000e+07 0 0 0 3.000000e+04 0
5.000000e+24 1.070000e+07 0 0 0 -3.000000e+04 0
5.000000e+24 1.080000e+07 0 0 0 3.000000e+04 0
5.000000e+24 1.090000e+07 0 0 0 -3.000000e+04 0
5.000000e+24 1.100000e+07 0 0 0 3.000000e+04 0
5.000000e+24 1.110000e+07 0 0 0 -3.000000e+04 0
5.000000e+24 1.120000e+07 0 0 0 3.000000e+04 0
5.000000e+24 1.130000e+07 0 0 0 -3.000000e+04 0
5.000000e+24 1.140000e+07 0 0 0 3.000000e+04 0
5.000000e+24 1.150000e+07 0 0 0 -3.000000e+04 0
5.000000e+24 1.160000e+07 0 0 0 3.000000e+04 0
5.000000e+24 1.170000e+07 0 0 0 -3.000000e+04 0
5.000000e+24 1.180000e+07 0 0 0 3.000000e+04 0
5.000000e+24 1.190000e+07 0 0 0 -3.000000e+04 0
5.000000e+24 1.200000e+07 0 0 0 3.000000e+04 0
5.000000e+24 1.210000e+07 0 0 0 -3.000000e+04 0
5.000000e+24 1.220000e+07 0 0 0 3.000000e+04 0
5.000000e+24 1.230000e+07 0 0 0 -3.000000e+04 0
5.000000e+24 1.240000e+07 0 0 0 3.000000e+04 0
5.000000e+24 1.250000e+07 0 0 0 -3.000000e+04 0
5.000000e+24 1.260000e+07 0 0 0 3.000000e+04 0
5.000000e+24 1.270000e+07 0 0 0 -3.000000e+04 0
5.000000e+24 1.280000e+07 0 0 0 3.000000e+04 0
5.000000e+24 1.290000e+07 0 0 0 -3.000000e+04 0
5.000000e+24 1.300000e+07 0 0 0 3.000000e+04 0
5.000000e+24 1.310000e+07 0 0 0 -3.000000e+04 0
5.000000e+24 1.320000e+07 0 0 0 3.000000e+04 0
5.000000e+24 1.330000e+07 0 0 0 -3.000000e+04 0
5.000000e+24 1.340000e+07 0 0 0 3.000000e+04 0
5.000000e+24 1.350000e+07 0 0 0 -3.000000e+04 0
5.000000e+24 1.360000e+07 0 0 0 3.000000e+04 0
5.000000e+24 1.370000e+07 0 0 0 -3.000000e+04 0
5.000000e+24 1.380000e+07 0 0 0 3.000000e+04 0
5.000000e+24 1.390000e+07 0 0 0 -3.000000e+04 0
5.000000e+24 1.400000e+07 0 0 0 3.000000e+04 0
5.000000e+24 1.410000e+07 0 0 0 -3.000000e+04 0
5.000000e+24 1.420000e+07 0 0 0 3.000000e+04 0
5.000000e+24 1.430000e+07 0 0 0 -3.000000e+04 0
5.000000e+24 1.440000e+07 0 0 0 3.000000e+04 0
5.000000e+24 1.450000e+07 0 0 0 -3.000000e+04 0
5.000000e+24 1.460000e+07 0 0 0 3.000000e+04 0
5.000000e+24 1.470000e+07 0 0 0 -3.000000e+04 0
5.000000e+24 1.480000e+07 0 0 0 3.000000e+04 0
5.000000e+24 1.490000e+07 0 0 0 -3.000000e+04 0
5.000000e+24 1.500000e+07 0 0 0 3.000000e+04 0
5.000000e+24 1.510000e+07 0 0 0 -3.000000e+04 0
5.000000e+24 1.520000e+07 0 0 0 3.000000e+04 0
5.000000e+24 1.530000e+07 0 0 0 -3.000000e+04 0
5.000000e+24 1.540000e+07 0 0 0 3.000000e+04 0
5.000000e+24 1.550000e+07 0 0 0 -3.000000e+04 0
5.000000e+24 1.560000e+07 0 0 0 3.000000e+04 0
5.000000e+24 1.570000e+07 0 0 0 -3.000000e+04 0
5.000000e+24 1.580000e+07 0 0 0 3.000000e+04 0
5.000000e+24 1.590000e+07 0 0 0 -3.000000e+04 0
5.000000e+24 1.600000e+07 0 0 0 3.000000e+04 0
5.000000e+24 1.610000e+07 0 0 0 -3.000000e+04 0
5.000000e+24 1.620000e+07 0 0 0 3.000000e+04 0
5.000000e+24 1.630000e+07 0 0 0 -3.000000e+04 0
5.000000e+24 1.640000e+07 0 0 0 3.000000e+04 0
5.000000e+24 1.650000e+07 0 0 0 -3.000000e+04 0
5.000000e+24 1.660000e+07 0 0 0 3.000000e+04 0
5.000000e+24 1.670000e+07 0 0 0 -3.000000e+04 0
5.000000e+24 1.680000e+07 0 0 0 3.000000e+04 0
5.000000e+24 1.690000e+07 0 0 0 -3.000000e+04 0
5.000000e+24 1.700000e+07 0 0 0 3.000000e+04 0
5.000000e+24 1.710000e+07 0 0 0 -3.000000e+04 0
5.000000e+24 1.720000e+07 0 0 0 3.000000e+04 0
5.000000e+24 1.730000e+07 0 0 0 -3.000000e+04 0
5.000000e+24 1.740000e+07 0 0 0 3.000000e+04 0
5.000000e+24 1.750000e+07 0 0 0 -3.000000e+04 0
5.000000e+24 1.760000e+07 0 0 0 3.000000e+04 0
5.000000e+24 1.770000e+07 0 0 0 -3.000000e+04 0
5.000000e+24 1.780000e+07 0 0 0 3.000000e+04 0
5.000000e+24 1.790000e+07 0 0 0 -3.000000e+04 0
5.000000e+24 1.800000e+07 0 0 0 3.000000e+04 0
5.000000e+24 1.810000e+07 0 0 0 -3.000000e+04 0
5.000000e+24 1.820000e+07 0 0 0 3.000000e+04 0
5.000000e+24 1.830000e+07 0 0 0 -3.000000e+04 0
5.000000e+24 1.840000e+07 0 0 0 3.000000e+04 0
5.000000e+24 1.850000e+07 0 0 0 -3.000000e+04 0
5.000000e+24 1.860000e+07 0 0 0 3.000000e+04 0
5.000000e+24 1.870000e+07 0 0 0 -3.000000e+04 0
5.000000e+24 1.880000e+07 0 0 0 3.000000e+04 0
5.000000e+24 1.890000e+07 0 0 0 -3.000000e+04 0
5.000000e+24 1.900000e+07 0 0 0 3.000000e+04 0
5.000000e+24 1.910000e+07 0 0 0 -3.000000e+04 0
5.000000e+24 1.920000e+07 0 0 0 3.000000e+04 0
5.000000e+24 1.930000e+07 0 0 0 -3.000000e+04 0
5.000000e+24 1.940000e+07 0 0 0 3.000000e+04 0
5.000000e+24 1.950000e+07 0 0 0 -3.000000e+04 0
5.000000e+24 1.960000e+07 0 0 0 3.000000e+04 0
5.000000e+24 1.970000e+07 0 0 0 -3.000000e+04 0
5.000000e+24 1.980000e+07 0 0 0 3.000000e+04 0
5.000000e+24 1.990000e+07 0 0 0 -3.000000e+04 0
5.000000e+24 2.000000e+07 0 0 0 3.000000e+04 0
5.000000e+24 2.010000e+07 0 0 0 -3.000000e+04 0
5.000000e+24 2.020000e+07 0 0 0 3.000000e+04 0
5.000000e+24 2.030000e+07 0 0 0 -3.000000e+04 0
5.000000e+24 2.040000e+07 0 0 0 3.000000e+04 0
5.000000e+24 2.050000e+07 0 0 0 -3.000000e+04 0
5.000000e+24 2.060000e+07 0 0 0 3.000000e+04 0
5.000000e+24 2.070000e+07 0 0 0 -3.000000e+04 0
5.000000e+24 2.080000e+07 0 0 0 3.000000e+04 0
5.000000e+24 2.090000e+07 0 0 0 -3.000000e+04 0
5.000000e+24 2.100000e+07 0 0 0 3.000000e+04 0
5.000000e+24 2.110000e+07 0 0 0 -3.000000e+04 0
5.000000e+24 2.120000e+07 0 0 0 3.000000e+04 0
5.000000e+24 2.130000e+07 0 0 0 -3.000000e+04 0
5.000000e+24 2.140000e+07 0 0 0 3.000000e+04 0
5.000000e+24 2.150000e+07 0 0 0 -3.000000e+04 0
5.000000e+24 2.160000e+07 0 0 0 3.000000e+04 0
5.000000e+24 2.170000e+07 0 0 0 -3.000000e+04 0
5.000000e+24 2.180000e+07 0 0 0 3.000000e+04 0
5.000000e+24 2.190000e+07 0 0 0 -3.000000e+04 0
5.000000e+24 2.200000e+07 0 0 0 3.000000e+04 0
5.000000e+24 2.210000e+07 0 0 0 -3.000000e+04 0
5.000000e+24 2.220000e+07 0 0 0 3.000000e+04 0
5.000000e+24 2.230000e+07 0 0 0 -3.000000e+04 0
5.000000e+24 2.240000e+07 0 0 0 3.000000e+04 0
5.000000e+24 2.250000e+07 0 0 0 -3.000000e+04 0
5.000000e+24 2.260000e+07 0 0 0 3.000000e+04 0
5.000000e+24 2.270000e+07 0 0 0 -3.000000e+04 0
5.000000e+24 2.280000e+07 0 0 0 3.000000e+04 0
5.000000e+24 2.290000e+07 0 0 0 -3.000000e+04 0
5.000000e+24 2.300000e+07 0 0 0 3.000000e+04 0
5.000000e+24 2.310000e+07 0 0 0 -3.000000e+04 0
5.000000e+24 2.320000e+07 0 0 0 3.000000e+04 0
5.000000e+24 2.330000e+07 0 0 0 -3.000000e+04 0
5.000000e+24 2.340000e+07 0 0 0 3.000000e+04 0
5.000000e+24 2.350000e+07 0 0 0 -3.000000e+04 0
5.000000e+24 2.360000e+07 0 0 0 3.000000e+04 0
5.000000e+24 2.370000e+07 0 0 0 -3.000000e+04 0
5.000000e+24 2.380000e+07 0 0 0 3.000000e+04 0
5.000000e+24 2.390000e+07 0 0 0 -3.000000e+04 0
5.000000e+24 2.400000e+07 0 0 0 3.000000e+04 0
5.000000e+24 2.410000e+07 0 0 0 -3.000000e+04 0
5.000000e+24 2.420000e+07 0 0 0 3.000000e+04 0
5.000000e+24 2.430000e+07 0 0 0 -3.000000e+04 0
5.000000e+24 2.440000e+07 0 0 0 3.000000e+04 0
5.000000e+24 2.450000e+07 0 0 0 -3.000000e+04 0
5.000000e+24 2.460000e+07 0 0 0 3.000000e+04 0
5.000000e+24 2.470000e+07 0 0 0 -3.000000e+04 0
5.000000e+24 2.480000e+07 0 0 0 3.000000e+04 0
5.000000e+24 2.490000e+07 0 0 0 -3.000000e+04 0
5.000000e+24 2.500000e+07 0 0 0 3.000000e+04 0
5.000000e+24 2.510000e+07 0 0 0 -3.000000e+04 0
5.000000e+24 2.520000e+07 0 0 0 3.000000e+04 0
5.000000e+24 2.530000e+07 0 0 0 -3.000000e+04 0
5.000000e+24 2.540000e+07 0 0 0 3.000000e+04 0
5.000000e+24 2.550000e+07 0 0 0 -3.000000e+04 0
5.000000e+24 2.560000e+07 0 0 0 3.000000e+04 0
5.000000e+24 2.570000e+07 0 0 0 -3.000000e+04 0
5.000000e+24 2.580000e+07 0 0 0 3.000000e+04 0
5.000000e+24 2.590000e+07 0 0 0 -3.000000e+04 0
5.000000e+24 2.600000e+07 0 0 0 3.000000e+04 0
5.000000e+24 2.610000e+07 0 0 0 -3.000000e+04 0
5.000000e+24 2.620000e+07 0 0 0 3.000000e+04 0
5.000000e+24 2.630000e+07 0 0 0 -3.000000e+04 0
5.000000e+24 2.640000e+07 0 0 0 3.000000e+04 0
5.000000e+24 2.650000e+07 0 0 0 -3.000000e+04 0
5.000000e+24 2.660000e+07 0 0 0 3.000000e+04 0
5.000000e+24 2.670000e+07 0 0 0 -3.000000e+04 0
5.000000e+24 2.680000e+07 0 0 0 3.000000e+04 0
5.000000e+24 2.690000e+07 0 0 0 -3.000000e+04 0
5.000000e+24 2.700000e+07 0 0 0 3.000000e+04 0
5.000000e+24 2.710000e+07 0 0 0 -3.000000e+04 0
5.000000e+24 2.720000e+07 0 0 0 3.000000e+04 0
5.000000e+24 2.730000e+07 0 0 0 -3.000000e+04 0
5.000000e+24 2.740000e+07 0 0 0 3.000000e+04 0
5.000000e+24 2.750000e+07 0 0 0 -3.000000e+04 0
5.000000e+24 2.760000e+07 0 0 0 3.000000e+04 0
5.000000e+24 2.770000e+07 0 0 0 -3.000000e+04 0
5.000000e+24 2.780000e+07 0 0 0 3.000000e+04 0
5.000000e+24 2.790000e+07 0 0 0 -3.000000e+04 0
5.000000e+24 2.800000e+07 0 0 0 3.000000e+04 0
5.000000e+24 2.810000e+07 0 0 0 -3.000000e+04 0
5.000000e+24 2.820000e+07 0 0 0 3.000000e+04 0
5.000000e+24 2.830000e+07 0 0 0 -3.000000e+04 0
5.000000e+24 2.840000e+07 0 0 0 3.000000e+04 0
5.000000e+24 2.850000e+07 0 0 0 -3.000000e+04 0
5.000000e+24 2.860000e+07 0 0 0 3.000000e+04 0
5.000000e+24 2.870000e+07 0 0 0 -3.000000e+04 0
5.000000e+24 2.880000e+07 0 0 0 3.000000e+04 0
5.000000e+24 2.890000e+07 0 0 0 -3.000000e+04 0
5.000000e+24 2.900000e+07 0 0 0 3.000000e+04 0
5.000000e+24 2.910000e+07 0 0 0 -3.000000e+04 0
5.000000e+24 2.920000e+07 0 0 0 3.000000e+04 0
5.000000e+24 2.930000e+07 0 0 0 -3.000000e+04 0
5.000000e+24 2.940000e+07 0 0 0 3.000000e+04 0
5.000000e+24 2.950000e+07 0 0 0 -3.000000e+04 0
5.000000e+24 2.960000e+07 0 0 0 3.000000e+04 0
5.000000e+24 2.970000e+07 0 0 0 -3.000000e+04 0
5.000000e+24 2.980000e+07 0 0 0 3.000000e+04 0
5.000000e+24 2.990000e+07 0 0 0 -3.000000e+04 0
5.000000e+24 3.000000e+07 0 0 0 3.000000e+04 0
5.000000e+24 3.010000e+07 0 0 0 -3.000000e+04 0
5.000000e+24 3.020000e+07 0 0 0 3.000000e+04 0
5.000000e+24 3.030000e+07 0 0 0 -3.000000e+04 0
5.000000e+24 3.040000e+07 0 0 0 3.000000e+04 0
5.000000e+24 3.050000e+07 0 0 0 -3.000000e+04 0
5.000000e+24 3.060000e+07 0 0 0 3.000000e+04 0
5.000000e+24 3.070000e+07 0 0 0 -3.000000e+04 0
5.000000e+24 3.080000e+07 0 0 0 3.000000e+04 0
5.000000e+24 3.090000e+07 0 0 0 -3.000000e+04 0
5.000000e+24 3.100000e+07 0 0 0 3.000000e+04 0
5.000000e+24 3.110000e+07 0 0 0 -3.000000e+04 0
5.000000e+24 3.120000e+07 0 0 0 3.000000e+04 0
5.000000e+24 3.130000e+07 0 0 0 -3.000000e+04 0
5.000000e+24 3.140000e+07 0 0 0 3.000000e+04 0
5.000000e+24 3.150000e+07 0 0 0 -3.000000e+04 0
5.000000e+24 3.160000e+07 0 0 0 3.000000e+04 0
5.000000e+24 3.170000e+07 0 0 0 -3.000000e+04 0
5.000000e+24 3.180000e+07 0 0 0 3.000000e+04 0
5.000000e+24 3.190000e+07 0 0 0 -3.000000e+04 0
