0.001000 100000 100 40
5.000000e+24 0.000000e+00 0 0 0 3.000000e+04 0
5.000000e+24 1.000000e+05 0 0 0 -3.000000e+04 0
5.000000e+24 2.000000e+05 0 0 0 3.000000e+04 0
5.000000e+24 3.000000e+05 0 0 0 -3.000000e+04 0
5.000000e+24 4.000000e+05 0 0 0 3.000000e+04 0
5.000000e+24 5.000000e+05 0 0 0 -3.000000e+04 0
5.000000e+24 6.000000e+05 0 0 0 3.000000e+04 0
5.000000e+24 7.000000e+05 0 0 0 -3.000000e+04 0
5.000000e+24 8.000000e+05 0 0 0 3.000000e+04 0
5.000000e+24 9.000000e+05 0 0 0 -3.000000e+04 0
5.000000e+24 1.000000e+06 0 0 0 3.000000e+04 0
5.000000e+24 1.100000e+06 0 0 0 -3.000000e+04 0
5.000000e+24 1.200000e+06 0 0 0 3.000000e+04 0
5.000000e+24 1.300000e+06 0 0 0 -3.000000e+04 0
5.000000e+24 1.400000e+06 0 0 0 3.000000e+04 0
5.000000e+24 1.500000e+06 0 0 0 -3.000000e+04 0
5.000000e+24 1.600000e+06 0 0 0 3.000000e+04 0
5.000000e+24 1.700000e+06 0 0 0 -3.000000e+04 0
5.000000e+24 1.800000e+06 0 0 0 3.000000e+04 0
5.000000e+24 1.900000e+06 0 0 0 -3.000000e+04 0
5.000000e+24 2.000000e+06 0 0 0 3.000000e+04 0
5.000000e+24 2.100000e+06 0 0 0 -3.000000e+04 0
5.000000e+24 2.200000e+06 0 0 0 3.000000e+04 0
5.000000e+24 2.300000e+06 0 0 0 -3.000000e+04 0
5.000000e+24 2.400000e+06 0 0 0 3.000000e+04 0
5.000000e+24 2.500000e+06 0 0 0 -3.000000e+04 0
5.000000e+24 2.600000e+06 0 0 0 3.000000e+04 0
5.000000e+24 2.700000e+06 0 0 0 -3.000000e+04 0
5.000000e+24 2.800000e+06 0 0 0 3.000000e+04 0
5.000000e+24 2.900000e+06 0 0 0 -3.000000e+04 0
5.000000e+24 3.000000e+06 0 0 0 3.000000e+04 0
5.000000e+24 3.100000e+06 0 0 0 -3.000000e+04 0
5.000000e+24 3.200000e+06 0 0 0 3.000000e+04 0
5.000000e+24 3.300000e+06 0 0 0 -3.000000e+04 0
5.000000e+24 3.400000e+06 0 0 0 3.000000e+04 0
5.000000e+24 3.500000e+06 0 0 0 -3.000000e+04 0
5.000000e+24 3.600000e+06 0 0 0 3.000000e+04 0
5.000000e+24 3.700000e+06 0 0 0 -3.000000e+04 0
5.000000e+24 3.800000e+06 0 0 0 3.000000e+04 0
5.000000e+24 3.900000e+06 0 0 0 -3.000000e+04 0
