0.001000 100000 1000 100
5.000000e+24 0.000000e+00 0 0 0 3.000000e+04 0
5.000000e+24 1.000000e+05 0 0 0 -3.000000e+04 0
5.000000e+24 2.000000e+05 0 0 0 3.000000e+04 0
5.000000e+24 3.000000e+05 0 0 0 -3.000000e+04 0
5.000000e+24 4.000000e+05 0 0 0 3.000000e+04 0
5.000000e+24 5.000000e+05 0 0 0 -3.000000e+04 0
5.000000e+24 6.000000e+05 0 0 0 3.000000e+04 0
5.000000e+24 7.000000e+05 0 0 0 -3.000000e+04 0
5.000000e+24 8.000000e+05 0 0 0 3.000000e+04 0
5.000000e+24 9.000000e+05 0 0 0 -3.000000e+04 0
5.000000e+24 1.000000e+06 0 0 0 3.000000e+04 0
5.000000e+24 1.100000e+06 0 0 0 -3.000000e+04 0
5.000000e+24 1.200000e+06 0 0 0 3.000000e+04 0
5.000000e+24 1.300000e+06 0 0 0 -3.000000e+04 0
5.000000e+24 1.400000e+06 0 0 0 3.000000e+04 0
5.000000e+24 1.500000e+06 0 0 0 -3.000000e+04 0
5.000000e+24 1.600000e+06 0 0 0 3.000000e+04 0
5.000000e+24 1.700000e+06 0 0 0 -3.000000e+04 0
5.000000e+24 1.800000e+06 0 0 0 3.000000e+04 0
5.000000e+24 1.900000e+06 0 0 0 -3.000000e+04 0
5.000000e+24 2.000000e+06 0 0 0 3.000000e+04 0
5.000000e+24 2.100000e+06 0 0 0 -3.000000e+04 0
5.000000e+24 2.200000e+06 0 0 0 3.000000e+04 0
5.000000e+24 2.300000e+06 0 0 0 -3.000000e+04 0
5.000000e+24 2.400000e+06 0 0 0 3.000000e+04 0
5.000000e+24 2.500000e+06 0 0 0 -3.000000e+04 0
5.000000e+24 2.600000e+06 0 0 0 3.000000e+04 0
5.000000e+24 2.700000e+06 0 0 0 -3.000000e+04 0
5.000000e+24 2.800000e+06 0 0 0 3.000000e+04 0
5.000000e+24 2.900000e+06 0 0 0 -3.000000e+04 0
5.000000e+24 3.000000e+06 0 0 0 3.000000e+04 0
5.000000e+24 3.100000e+06 0 0 0 -3.000000e+04 0
5.000000e+24 3.200000e+06 0 0 0 3.000000e+04 0
5.000000e+24 3.300000e+06 0 0 0 -3.000000e+04 0
5.000000e+24 3.400000e+06 0 0 0 3.000000e+04 0
5.000000e+24 3.500000e+06 0 0 0 -3.000000e+04 0
5.000000e+24 3.600000e+06 0 0 0 3.000000e+04 0
5.000000e+24 3.700000e+06 0 0 0 -3.000000e+04 0
5.000000e+24 3.800000e+06 0 0 0 3.000000e+04 0
5.000000e+24 3.900000e+06 0 0 0 -3.000000e+04 0
5.000000e+24 4.000000e+06 0 0 0 3.000000e+04 0
5.000000e+24 4.100000e+06 0 0 0 -3.000000e+04 0
5.000000e+24 4.200000e+06 0 0 0 3.000000e+04 0
5.000000e+24 4.300000e+06 0 0 0 -3.000000e+04 0
5.000000e+24 4.400000e+06 0 0 0 3.000000e+04 0
5.000000e+24 4.500000e+06 0 0 0 -3.000000e+04 0
5.000000e+24 4.600000e+06 0 0 0 3.000000e+04 0
5.000000e+24 4.700000e+06 0 0 0 -3.000000e+04 0
5.000000e+24 4.800000e+06 0 0 0 3.000000e+04 0
5.000000e+24 4.900000e+06 0 0 0 -3.000000e+04 0
5.000000e+24 5.000000e+06 0 0 0 3.000000e+04 0
5.000000e+24 5.100000e+06 0 0 0 -3.000000e+04 0
5.000000e+24 5.200000e+06 0 0 0 3.000000e+04 0
5.000000e+24 5.300000e+06 0 0 0 -3.000000e+04 0
5.000000e+24 5.400000e+06 0 0 0 3.000000e+04 0
5.000000e+24 5.500000e+06 0 0 0 -3.000000e+04 0
5.000000e+24 5.600000e+06 0 0 0 3.000000e+04 0
5.000000e+24 5.700000e+06 0 0 0 -3.000000e+04 0
5.000000e+24 5.800000e+06 0 0 0 3.000000e+04 0
5.000000e+24 5.900000e+06 0 0 0 -3.000000e+04 0
5.000000e+24 6.000000e+06 0 0 0 3.000000e+04 0
5.000000e+24 6.100000e+06 0 0 0 -3.000000e+04 0
5.000000e+24 6.200000e+06 0 0 0 3.000000e+04 0
5.000000e+24 6.300000e+06 0 0 0 -3.000000e+04 0
5.000000e+24 6.400000e+06 0 0 0 3.000000e+04 0
5.000000e+24 6.500000e+06 0 0 0 -3.000000e+04 0
5.000000e+24 6.600000e+06 0 0 0 3.000000e+04 0
5.000000e+24 6.700000e+06 0 0 0 -3.000000e+04 0
5.000000e+24 6.800000e+06 0 0 0 3.000000e+04 0
5.000000e+24 6.900000e+06 0 0 0 -3.000000e+04 0
5.000000e+24 7.000000e+06 0 0 0 3.000000e+04 0
5.000000e+24 7.100000e+06 0 0 0 -3.000000e+04 0
5.000000e+24 7.200000e+06 0 0 0 3.000000e+04 0
5.000000e+24 7.300000e+06 0 0 0 -3.000000e+04 0
5.000000e+24 7.400000e+06 0 0 0 3.000000e+04 0
5.000000e+24 7.500000e+06 0 0 0 -3.000000e+04 0
5.000000e+24 7.600000e+06 0 0 0 3.000000e+04 0
5.000000e+24 7.700000e+06 0 0 0 -3.000000e+04 0
5.000000e+24 7.800000e+06 0 0 0 3.000000e+04 0
5.000000e+24 7.900000e+06 0 0 0 -3.000000e+04 0
5.000000e+24 8.000000e+06 0 0 0 3.000000e+04 0
5.000000e+24 8.100000e+06 0 0 0 -3.000000e+04 0
5.000000e+24 8.200000e+06 0 0 0 3.000000e+04 0
5.000000e+24 8.300000e+06 0 0 0 -3.000000e+04 0
5.000000e+24 8.400000e+06 0 0 0 3.000000e+04 0
5.000000e+24 8.500000e+06 0 0 0 -3.000000e+04 0
5.000000e+24 8.600000e+06 0 0 0 3.000000e+04 0
5.000000e+24 8.700000e+06 0 0 0 -3.000000e+04 0
5.000000e+24 8.800000e+06 0 0 0 3.000000e+04 0
5.000000e+24 8.900000e+06 0 0 0 -3.000000e+04 0
5.000000e+24 9.000000e+06 0 0 0 3.000000e+04 0
5.000000e+24 9.100000e+06 0 0 0 -3.000000e+04 0
5.000000e+24 9.200000e+06 0 0 0 3.000000e+04 0
5.000000e+24 9.300000e+06 0 0 0 -3.000000e+04 0
5.000000e+24 9.400000e+06 0 0 0 3.000000e+04 0
5.000000e+24 9.500000e+06 0 0 0 -3.000000e+04 0
5.000000e+24 9.600000e+06 0 0 0 3.000000e+04 0
5.000000e+24 9.700000e+06 0 0 0 -3.000000e+04 0
5.000000e+24 9.800000e+06 0 0 0 3.000000e+04 0
5.000000e+24 9.900000e+06 0 0 0 -3.000000e+04 0
